image_width: 2880
image_height: 1860
camera_name: lucid
camera_matrix:
  rows: 3
  cols: 3
  data: [ 2776.448204, 0.000000, 1473.710419,
            0.000000, 2779.915097, 929.770940,
            0.000000, 0.000000, 1.000000]
distortion_model: plumb_bob
distortion_coefficients:
  rows: 1
  cols: 5
  data: [-0.201767, 0.149333, -0.000290, 0.001240, 0.000000]
rectification_matrix:
  rows: 3
  cols: 3
  data: [1.000000, 0.000000, 0.000000,
         0.000000, 1.000000, 0.000000,
         0.000000, 0.000000, 1.000000]
projection_matrix:
  rows: 3
  cols: 4
  data: [2646.5302734375, 0.0, 1479.546439852682,
         0.0, 0.0, 2719.851318359375,
         929.4667837511515, 0.0, 0.0,
         0.0, 1.0, 0.0]