[LEFT_CAM_2K]
fx=1073.58
fy=1073.51
cx=1079.61
cy=620.225
k1=-0.0620423
k2=0.0355664
p1=-2.4591e-06
p2=-0.000245264
k3=-0.0129101

[RIGHT_CAM_2K]
fx=1066.22
fy=1066.97
cx=1086.52
cy=630.449
k1=-0.0410488
k2=0.0144124
p1=0.000278582
p2=0.000233656
k3=-0.0067802

[LEFT_CAM_FHD]
fx=1073.58
fy=1073.51
cx=935.61
cy=539.225
k1=-0.0620423
k2=0.0355664
p1=-2.4591e-06
p2=-0.000245264
k3=-0.0129101

[RIGHT_CAM_FHD]
fx=1066.22
fy=1066.97
cx=942.52
cy=549.449
k1=-0.0410488
k2=0.0144124
p1=0.000278582
p2=0.000233656
k3=-0.0067802

[LEFT_CAM_HD]
fx=536.79
fy=536.755
cx=626.305
cy=358.1125
k1=-0.0620423
k2=0.0355664
p1=-2.4591e-06
p2=-0.000245264
k3=-0.0129101

[RIGHT_CAM_HD]
fx=533.11
fy=533.485
cx=629.76
cy=363.2245
k1=-0.0410488
k2=0.0144124
p1=0.000278582
p2=0.000233656
k3=-0.0067802

[LEFT_CAM_VGA]
fx=268.395
fy=268.3775
cx=328.6525
cy=186.55625
k1=-0.0620423
k2=0.0355664
p1=-2.4591e-06
p2=-0.000245264
k3=-0.0129101

[RIGHT_CAM_VGA]
fx=266.555
fy=266.7425
cx=330.38
cy=189.11225
k1=-0.0410488
k2=0.0144124
p1=0.000278582
p2=0.000233656
k3=-0.0067802

[LEFT_DISTO]
k1=13.8851
k2=-9.63451
k3=1.37335
k4=14.2664
k5=-9.54115
k6=1.24705
p1=5.00638e-05
p2=-5.36427e-05

[RIGHT_DISTO]
k1=-1.33353
k2=3.35443
k3=0.00280712
k4=-1.24078
k5=3.21325
k6=0.189876
p1=0.000330891
p2=-5.66273e-05

[STEREO]
Baseline=120.023
TY=-0.0349145
TZ=-0.0344261
CV_2K=0.000228113
CV_FHD=0.000228113
CV_HD=0.000228113
CV_VGA=0.000228113
RX_2K=-0.000342113
RX_FHD=-0.000342113
RX_HD=-0.000342113
RX_VGA=-0.000342113
RZ_2K=0.000241865
RZ_FHD=0.000241865
RZ_HD=0.000241865
RZ_VGA=0.000241865

[MISC]
Sensor_ID=0

